kinematics:
  shoulder:
    x: 0
    y: 0
    z: 0.1809415274171728
    roll: -0
    pitch: 0
    yaw: 2.065982029533092e-07
  upper_arm:
    x: 0.0001604260993550272
    y: 0
    z: 0
    roll: 1.570950908485613
    pitch: 0
    yaw: -1.72815993793445e-06
  forearm:
    x: -0.6123105145455273
    y: 0
    z: 0
    roll: 3.139415826730978
    pitch: 3.141445291699608
    yaw: 3.14159215015065
  wrist_1:
    x: -0.5710136882758783
    y: -2.949433110174708e-05
    z: 0.1743718706432581
    roll: 0.0001691461513354231
    pitch: 0.001201767970108416
    yaw: -4.41585712687751e-06
  wrist_2:
    x: 0.0003365460203119097
    y: -0.1200467946327184
    z: -0.0003371346202031691
    roll: 1.573604679445417
    pitch: 0
    yaw: -2.769122454242615e-06
  wrist_3:
    x: -6.163053348565694e-05
    y: 0.1154388500799668
    z: 1.465272087748e-05
    roll: 1.570923257380125
    pitch: 3.141592653589793
    yaw: 3.141592345135225
  hash: calib_338140566241593335