# F100-genius USB Camera
image_width: 640
image_height: 480
camera_name: usb_cam
camera_matrix:
  rows: 3
  cols: 3
  data: [305.18434544373861, 0, 320, 0, 305.18434544373861, 240, 0, 0, 1]
distortion_model: plumb_bob
distortion_coefficients:
  rows: 1
  cols: 5
  data: [-0.035770026109561620, -0.033131240806130183, 0, 0, 0.030627639857180752]
rectification_matrix:
  rows: 3
  cols: 3
  data: [1, 0, 0, 0, 1, 0, 0, 0, 1]
projection_matrix:
  rows: 3
  cols: 4
  data: [1084.5697904728, 0, 320, 0, 0, 1084.5697904728, 240, 0, 0, 0, 1, 0]